42 4d 76 02 00 00 00 00 00 00 76 00 00 00 28 00
00 00 20 00 00 00 20 00 00 00 01 00 04 00 00 00
00 00 00 00 00 00 00 00 00 00 00 00 00 00 00 00
00 00 00 00 00 00 00 00 00 00 00 00 80 00 00 80
00 00 00 80 80 00 80 00 00 00 80 00 80 00 80 80
00 00 80 80 80 00 c0 c0 c0 00 00 00 ff 00 00 ff
00 00 00 ff ff 00 ff 00 00 00 ff 00 ff 00 ff ff
00 00 ff ff ff 00 00 00 00 00 00 00 00 00 00 00
00 00 00 00 00 00 00 00 00 00 00 00 00 00 09 00
00 00 00 00 00 00 11 11 01 19 11 01 10 10 09 09
01 09 11 11 01 90 11 01 19 09 09 91 11 10 09 11
09 11 19 10 90 11 19 01 19 19 10 10 11 10 09 01
91 10 91 09 10 10 90 99 11 11 11 11 19 00 09 01
91 01 01 19 00 99 11 10 11 91 99 11 09 90 09 91
01 11 11 11 91 10 09 19 01 00 11 90 91 10 09 01
11 99 10 01 11 11 91 11 11 19 10 11 99 10 09 10
01 11 11 11 19 10 11 09 09 10 19 10 10 10 09 01
11 19 00 01 10 19 10 11 11 01 99 01 11 90 09 19
11 91 11 91 01 11 19 10 99 00 01 19 09 10 09 19
10 91 11 01 11 11 91 01 91 19 11 00 99 90 09 01
01 99 19 01 91 10 19 91 91 09 11 99 11 10 09 91
11 10 11 91 99 10 90 11 01 11 11 19 11 90 09 11
00 19 10 11 01 11 99 99 99 99 99 99 99 99 09 99
99 99 99 99 99 99 00 00 00 00 00 00 00 00 00 00
00 00 00 00 00 00 90 00 00 00 00 00 00 00 00 00
00 00 00 00 00 00 99 11 11 11 19 10 19 19 11 09
10 90 91 90 91 00 91 19 19 09 01 10 09 01 11 11
91 11 11 11 10 00 91 11 01 19 10 11 10 01 01 11
90 11 11 11 91 00 99 09 19 10 11 90 09 90 91 01
19 09 91 11 01 00 90 10 19 11 00 11 11 00 10 11
01 10 11 19 11 00 90 19 10 91 01 90 19 99 00 11
91 01 11 01 91 00 99 09 09 01 10 11 91 01 10 91
99 11 10 90 91 00 91 11 00 10 11 01 10 19 19 09
10 00 99 01 01 00 91 01 19 91 19 91 11 09 10 11
00 91 00 10 90 00 99 01 11 10 09 10 10 19 09 01
91 90 11 09 11 00 90 99 11 11 11 90 19 01 19 01
91 01 01 19 09 00 91 10 11 91 99 09 09 90 11 91
01 19 11 11 91 00 91 19 01 00 11 00 91 10 11 01
11 11 10 01 11 00 99 99 99 99 99 99 99 99 99 99
99 99 99 99 99 90
