0.000014000
0.000005000
0.000004000
0.000005000
0.000005000
0.000005000
0.000005000
0.000004000
0.000004000
0.000004000
0.000004000
0.000004000
0.000004000
0.000004000
0.000005000
0.000004000
0.000004000
0.000004000
0.000004000
0.000004000
0.000005000
0.000004000
0.000004000
0.000004000
0.000004000
0.000004000
0.000004000
0.000004000
0.000004000
0.000004000
0.000004000
0.000004000
0.000005000
0.000004000
0.000004000
0.000004000
0.000005000
0.000004000
0.000004000
0.000004000
0.000005000
0.000004000
0.000004000
0.000004000
0.000004000
0.000004000
0.000004000
0.000004000
0.000004000
0.000004000
0.000004000
0.000004000
0.000004000
0.000004000
0.000004000
0.000005000
0.000004000
0.000004000
0.000004000
0.000005000
0.000004000
0.000004000
0.000004000
0.000004000
0.000004000
0.000004000
0.000004000
0.000004000
0.000004000
0.000004000
0.000004000
0.000004000
0.000004000
0.000004000
0.000005000
0.000004000
0.000004000
0.000004000
0.000005000
0.000004000
0.000004000
0.000004000
0.000005000
0.000004000
0.000004000
0.000004000
0.000005000
0.000004000
0.000004000
0.000004000
0.000004000
0.000004000
0.000004000
0.000005000
0.000004000
0.000004000
0.000004000
0.000005000
0.000004000
0.000004000
